image_width: 640
image_height: 480
camera_name: narrow_stereo/left
camera_matrix:
  rows: 3
  cols: 3
  data: [583.805808, 0.000000, 313.556333, 0.000000, 583.467528, 212.125834, 0.000000, 0.000000, 1.000000]
distortion_model: plumb_bob
distortion_coefficients:
  rows: 1
  cols: 5
  data: [0.093018, -0.216864, -0.013195, -0.004900, 0.000000]
rectification_matrix:
  rows: 3
  cols: 3
  data: [0.811798, 0.024865, -0.583408, -0.028100, 0.999599, 0.003503, 0.583261, 0.013550, 0.812172]
projection_matrix:
  rows: 3
  cols: 4
  data: [580.507407, 0.000000, 908.396630, 0.000000, 0.000000, 580.507407, 210.826214, 0.000000, 0.000000, 0.000000, 1.000000, 0.000000]
