image_width: 800
image_height: 600
camera_name: narrow_stereo/right
camera_matrix:
  rows: 3
  cols: 3
  data: [757.712269, 0.000000, 403.666269, 0.000000, 755.009266, 318.182827, 0.000000, 0.000000, 1.000000]
distortion_model: plumb_bob
distortion_coefficients:
  rows: 1
  cols: 5
  data: [0.109610, -0.212927, 0.005763, 0.002721, 0.000000]
rectification_matrix:
  rows: 3
  cols: 3
  data: [0.998929, 0.039964, -0.023334, -0.040193, 0.999147, -0.009449, 0.022936, 0.010376, 0.999683]
projection_matrix:
  rows: 3
  cols: 4
  data: [848.675825, 0.000000, 433.467434, -127.839833, 0.000000, 848.675825, 320.468346, 0.000000, 0.000000, 0.000000, 1.000000, 0.000000]
