image_width: 800
image_height: 600
camera_name: narrow_stereo/left
camera_matrix:
  rows: 3
  cols: 3
  data: [757.536629, 0.000000, 390.955770, 0.000000, 755.071076, 316.105480, 0.000000, 0.000000, 1.000000]
distortion_model: plumb_bob
distortion_coefficients:
  rows: 1
  cols: 5
  data: [0.101242, -0.160826, 0.007723, -0.005145, 0.000000]
rectification_matrix:
  rows: 3
  cols: 3
  data: [0.997966, 0.037151, -0.051804, -0.036635, 0.999270, 0.010870, 0.052170, -0.008950, 0.998598]
projection_matrix:
  rows: 3
  cols: 4
  data: [848.675825, 0.000000, 433.467434, 0.000000, 0.000000, 848.675825, 320.468346, 0.000000, 0.000000, 0.000000, 1.000000, 0.000000]
