image_width: 800
image_height: 600
camera_name: narrow_stereo/left
camera_matrix:
  rows: 3
  cols: 3
  data: [786.752596, 0.000000, 396.376775, 0.000000, 787.294101, 300.423065, 0.000000, 0.000000, 1.000000]
distortion_model: plumb_bob
distortion_coefficients:
  rows: 1
  cols: 5
  data: [0.121992, -0.171692, 0.004095, 0.000881, 0.000000]
rectification_matrix:
  rows: 3
  cols: 3
  data: [0.998814, 0.035986, -0.032795, -0.035489, 0.999248, 0.015625, 0.033333, -0.014443, 0.999340]
projection_matrix:
  rows: 3
  cols: 4
  data: [889.408374, 0.000000, 424.416481, 0.000000, 0.000000, 889.408374, 308.146961, 0.000000, 0.000000, 0.000000, 1.000000, 0.000000]
