image_width: 800
image_height: 600
camera_name: narrow_stereo/right
camera_matrix:
  rows: 3
  cols: 3
  data: [781.705145, 0.000000, 389.507951, 0.000000, 783.218109, 311.736436, 0.000000, 0.000000, 1.000000]
distortion_model: plumb_bob
distortion_coefficients:
  rows: 1
  cols: 5
  data: [0.146769, -0.274933, 0.004637, -0.001874, 0.000000]
rectification_matrix:
  rows: 3
  cols: 3
  data: [0.999297, 0.019553, -0.031998, -0.020032, 0.999691, -0.014721, 0.031700, 0.015351, 0.999380]
projection_matrix:
  rows: 3
  cols: 4
  data: [889.408374, 0.000000, 424.416481, -147.160061, 0.000000, 889.408374, 308.146961, 0.000000, 0.000000, 0.000000, 1.000000, 0.000000]
